2017,9,0.0,0.0,1.0,12.2,-49.7,1006.0,26.4,40.0,0.0,0.0,844.0
2017,9,0.0,1.0,1.0,12.2,-51.7,1004.0,35.2,40.0,0.0,0.0,757.0
2017,9,0.0,2.0,1.0,12.4,-53.1,1002.0,39.6,30.0,0.0,0.0,738.0
2017,9,0.0,3.0,1.0,12.8,-54.4,994.0,48.4,20.0,0.0,0.0,736.0
2017,9,0.0,4.0,1.0,13.3,-55.7,990.0,52.8,20.0,0.0,0.0,646.0
2017,9,0.0,5.0,1.0,13.6,-57.0,986.0,57.2,15.0,0.0,0.0,542.0
2017,9,0.0,6.0,1.0,14.0,-58.0,979.0,66.0,10.0,0.0,0.0,492.0
2017,9,0.0,7.0,1.0,14.3,-59.0,977.0,70.4,10.0,0.0,0.0,457.0
2017,9,0.0,8.0,1.0,14.5,-59.7,967.0,88.0,10.0,0.0,0.0,448.0
2017,9,0.0,9.0,1.0,14.9,-60.4,956.0,96.8,10.0,0.0,0.0,474.0
2017,9,0.0,10.0,1.0,15.3,-61.1,924.0,127.6,10.0,0.0,0.0,515.0
2017,9,0.0,11.0,1.0,15.4,-61.3,922.0,127.6,10.0,0.0,0.0,526.0
2017,9,0.0,12.0,1.0,15.7,-61.9,940.0,118.8,10.0,0.0,0.0,482.0
2017,9,0.0,13.0,1.0,16.1,-62.7,931.0,123.2,5.0,0.0,0.0,387.0
2017,9,0.0,14.0,1.0,16.6,-63.5,920.0,127.6,5.0,0.0,0.0,285.0
2017,9,0.0,15.0,1.0,17.0,-64.3,909.0,132.0,5.0,0.0,0.0,192.0
2017,9,0.0,16.0,1.0,17.3,-64.7,908.0,132.0,5.0,0.0,0.0,138.0
2017,9,0.0,17.0,1.0,17.6,-65.1,913.0,123.2,15.0,0.0,0.0,85.0
2017,9,0.0,18.0,1.0,18.0,-65.9,920.0,118.8,15.0,0.0,1.0,0.0
2017,9,0.0,19.0,1.0,18.2,-66.2,935.0,101.2,15.0,0.0,1.0,0.0
2017,9,0.0,20.0,1.0,18.6,-67.0,959.0,83.6,20.0,0.0,0.0,22.0
2017,9,0.0,21.0,1.0,19.0,-67.6,958.0,83.6,20.0,0.0,0.0,74.0
2017,9,0.0,22.0,1.0,19.4,-68.2,959.0,88.0,20.0,0.0,0.0,79.0
2017,9,0.0,23.0,1.0,19.9,-68.8,959.0,88.0,25.0,0.0,0.0,85.0
2017,9,0.0,24.0,1.0,20.5,-69.5,960.0,92.4,25.0,0.0,0.0,113.0
2017,9,0.0,25.0,1.0,20.8,-70.0,953.0,96.8,25.0,0.0,0.0,128.0
2017,9,0.0,26.0,1.0,21.2,-70.5,959.0,96.8,20.0,0.0,0.0,156.0
2017,9,0.0,27.0,1.0,21.9,-70.9,958.0,96.8,25.0,0.0,0.0,230.0
2017,9,0.0,28.0,1.0,22.8,-71.2,959.0,96.8,25.0,0.0,0.0,257.0
2017,9,0.0,29.0,1.0,23.7,-71.6,953.0,92.4,25.0,0.0,0.0,314.0
2017,9,0.0,30.0,1.0,24.4,-71.9,952.0,88.0,20.0,0.0,0.0,375.0
2017,9,0.0,31.0,1.0,25.1,-72.1,952.0,88.0,20.0,0.0,0.0,445.0
2017,9,0.0,32.0,1.0,25.9,-72.3,952.0,88.0,20.0,0.0,0.0,530.0
2017,9,0.0,33.0,1.0,26.6,-72.4,945.0,88.0,20.0,0.0,0.0,580.0
2017,9,0.0,34.0,1.0,27.5,-72.6,942.0,83.6,20.0,0.0,0.0,600.0
2017,9,0.0,35.0,1.0,28.4,-72.8,947.0,83.6,20.0,0.0,0.0,633.0
2017,9,0.0,36.0,1.0,29.1,-72.9,943.0,79.2,20.0,0.0,0.0,673.0
2017,9,0.0,37.0,1.0,29.7,-72.9,947.0,74.8,20.0,0.0,0.0,652.0
2017,9,0.0,38.0,1.0,30.3,-72.9,954.0,66.0,20.0,0.0,0.0,595.0
2017,9,0.0,39.0,1.0,30.8,-73.0,961.0,61.6,70.0,0.0,0.0,543.0
2017,9,0.0,40.0,1.0,31.4,-73.1,966.0,61.6,70.0,0.0,0.0,485.0
2017,9,0.0,41.0,1.0,32.0,-73.1,966.0,61.6,70.0,0.0,0.0,435.0
2017,9,0.0,42.0,1.0,32.6,-73.1,970.0,57.2,70.0,0.0,0.0,391.0
2017,9,0.0,43.0,1.0,33.3,-73.1,970.0,57.2,80.0,0.0,0.0,343.0
2017,9,0.0,44.0,1.0,33.9,-73.1,975.0,57.2,80.0,0.0,0.0,303.0
2017,9,0.0,45.0,1.0,34.4,-73.0,975.0,57.2,80.0,0.0,0.0,275.0
2017,9,0.0,46.0,1.0,34.9,-72.9,976.0,57.2,70.0,0.0,0.0,255.0
2017,9,0.0,47.0,1.0,35.4,-72.8,977.0,57.2,70.0,0.0,0.0,247.0
2017,9,0.0,48.0,1.0,36.0,-72.6,979.0,57.2,70.0,0.0,0.0,261.0
2017,9,0.0,49.0,1.0,36.6,-72.2,979.0,57.2,70.0,0.0,0.0,308.0
2017,9,0.0,50.0,1.0,36.7,-71.3,982.0,52.8,70.0,0.0,0.0,378.0
2017,9,0.0,51.0,1.0,36.8,-70.0,982.0,52.8,70.0,0.0,0.0,478.0
2017,9,0.0,52.0,1.0,36.8,-68.6,985.0,48.4,70.0,0.0,0.0,553.0
2017,9,0.0,53.0,1.0,36.9,-66.8,985.0,48.4,70.0,0.0,0.0,600.0
2017,9,0.0,54.0,1.0,37.0,-64.6,987.0,44.0,90.0,0.0,0.0,698.0
2017,9,0.0,55.0,1.0,37.0,-62.0,988.0,44.0,90.0,0.0,0.0,775.0
2017,9,0.0,56.0,1.0,37.4,-59.0,988.0,44.0,90.0,0.0,0.0,861.0
2017,9,0.0,57.0,1.0,38.1,-55.6,988.0,44.0,90.0,0.0,0.0,911.0
2017,9,0.0,58.0,1.0,39.1,-52.2,988.0,44.0,90.0,0.0,0.0,837.0
2017,9,0.0,59.0,1.0,40.0,-48.8,988.0,44.0,90.0,0.0,0.0,814.0
2017,9,0.0,60.0,1.0,41.2,-45.6,991.0,39.6,90.0,0.0,0.0,852.0
2017,9,0.0,61.0,1.0,42.2,-42.6,994.0,39.6,90.0,0.0,0.0,966.0
2017,9,0.0,62.0,1.0,43.4,-39.4,996.0,39.6,90.0,0.0,0.0,1120.0
2017,9,0.0,63.0,1.0,44.9,-35.5,999.0,39.6,90.0,0.0,0.0,1339.0
2017,9,0.0,64.0,1.0,46.5,-31.0,1003.0,39.6,90.0,0.0,0.0,1596.0
2017,9,0.0,65.0,1.0,47.5,-26.5,1005.0,35.2,90.0,0.0,0.0,1245.0
2017,9,0.0,66.0,1.0,48.0,-22.0,1012.0,35.2,90.0,0.0,0.0,926.0
2017,9,0.0,67.0,1.0,48.0,-17.0,1016.0,26.4,90.0,0.0,0.0,628.0
